     0.0             0.0
     0.0             0.0
     0.0             0.0
     0.0          6000.0
    60.0          6000.0
   180.0          6000.0
    60.0          6000.0
  1470.0          6000.0
  1320.0          6000.0
  1800.0          6000.0
  1260.0          6000.0
  2220.0          6000.0
  2280.0          6000.0
  1980.0          6000.0
  1710.0          6000.0
  1470.0          6000.0
  3780.0          6000.0
  3780.0          6000.0
  4620.0          6000.0
  3870.0          6000.0
  3720.0         10000.0
  5610.0         10000.0
  9720.0         10000.0
 11040.0         10000.0
  8820.0         10000.0
  9960.0         10000.0
 11100.0         10000.0
  9450.0         10000.0
  9630.0         10000.0
  6450.0         14000.0
  3990.0         14000.0
  6900.0         14000.0
  6630.0         14000.0
  5640.0         14000.0
  5340.0         14000.0
  6510.0         14000.0
  5670.0         14000.0
  6600.0         14000.0
  7380.0         14000.0
  7740.0         14000.0
  9060.0         14000.0
  8910.0         14000.0
  9630.0         14000.0
 11190.0         14000.0
 13770.0         14000.0
 12840.0         14000.0
 11250.0         18000.0
 19890.0         18000.0
 18300.0         18000.0
 18750.0         18000.0
 18300.0         18000.0
 19530.0         18000.0
 20280.0         18000.0
 23070.0         22000.0
 29850.0         22000.0
 29700.0         22000.0
 27540.0         22000.0
 20880.0         22000.0
 24240.0         22000.0
 22560.0         22000.0
 21150.0         22000.0
 27060.0         22000.0
 32520.0         26000.0
 29550.0         26000.0
 39870.0         26000.0
 38190.0         26000.0
 32760.0         26000.0
 29940.0         26000.0
 27780.0         26000.0
 24420.0         26000.0
 27660.0         30000.0
 36180.0         30000.0
 33630.0         30000.0
 33720.0         30000.0
 37830.0         30000.0
 35340.0         30000.0
 35940.0         30000.0
 34980.0         30000.0
 35670.0         30000.0
 36990.0         34000.0
 40000.0         34000.0
 38940.0         34000.0
 40000.0         34000.0
 38910.0         34000.0
 36150.0         34000.0
 37830.0         34000.0
 34350.0         34000.0
 40000.0         34000.0
 40000.0         34000.0
 34290.0         34000.0
 34140.0         34000.0
 33870.0         34000.0
 36270.0         34000.0
 40000.0         34000.0
 36930.0         34000.0